37.566538006539915,126.97801273225318
37.566538006539915,126.97801273225318
37.56654633815694,126.97797106914757
37.5665352240526,126.97773220234261
37.56662965746631,126.97772942214439
37.56662965083942,126.97736001136667
37.56662965083942,126.97736001136667
37.56662965083942,126.97736001136667
37.566354683012555,126.97737112924987
37.56615470626619,126.97737113491135
37.56599639139177,126.97737391691795
37.56595750702441,126.97737391801878
37.565760309028185,126.97744613924236
37.56563254620645,126.97745169790863
37.56524092522718,126.97746004156923
37.56524092522718,126.97746004156923
37.56524092522718,126.97746004156923
37.56523535995419,126.97688231659956
37.56523535995419,126.97688231659956
37.56523535995419,126.97688231659956
37.56497983346356,126.97684621601267
37.564835405314945,126.97681844485466
37.56480763076679,126.9768184456409
37.56441045213733,126.97667402560221
37.56441045213733,126.97667402560221
37.56441045213733,126.97667402560221
37.564352125337074,126.97666013963003
37.564352125337074,126.97666013963003
37.56427713335951,126.97662125640768
37.564238248543674,126.97659625978653
37.564221583366376,126.9765712625364
37.564188253211064,126.97653237813473
37.56414103473543,126.9764351661085
37.56412992451759,126.97641294622576
37.564118814200114,126.97638517129374
37.56398271263667,126.97603520704007
37.56388271963,126.97577690007778
37.56383827826051,126.9756602453003
37.56366884609367,126.9752463989229
37.56351607840679,126.9748186644505
37.563488302513555,126.97474367207104
37.56343275087655,126.97460201988612
37.56326054010953,126.97412429052015
37.56322443135373,126.97402152313002
37.563046664531605,126.97347991085421
37.563007778221426,126.97337158849336
37.56300222276385,126.97334103587943
37.56293833552475,126.97301884482803
37.56286611592129,126.97269665401245
37.56282445021373,126.97248000826892
37.562771673939785,126.97222169997005
37.56261890127316,126.97151621303247
37.56261334581562,126.97148566041854
37.56259390153994,126.97136900493354
37.562543903069724,126.97113013922863
37.562402241069755,126.97047186989572
37.562402241069755,126.97047186989572
37.562402241069755,126.97047186989572
37.56235502408883,126.97045798360857
37.562291136701134,126.97012745998329
37.562291136701134,126.97012745998329
37.562291136701134,126.97012745998329
37.562285579450645,126.96999691648212
37.562285579450645,126.96999691648212
37.562285579450645,126.96999691648212
37.56227724529321,126.96989692583065
37.56228835446502,126.96986081769589
37.56228835446502,126.96986081769589
37.56228835446502,126.96986081769589
37.561880071495466,126.97002192567815
37.561880071495466,126.97002192567815
37.561880071495466,126.97002192567815
37.56184674248588,126.97004692434305
37.56184674248588,126.97004692434305
37.56184674248588,126.97004692434305
37.56167730937482,126.96958030499621
37.56167730937482,126.96958030499621
37.56167730937482,126.96958030499621
37.561380126291056,126.96983584567266
37.56110516179986,126.97003305770286
37.56088296845212,126.97020249299347
37.56069132720699,126.97037748246898
37.56053023696878,126.97049692058701
37.56017194997795,126.97075801804202
37.55993031414729,126.97091078873495
37.55975533623632,126.97100800704875
37.55973311684672,126.97102189530071
37.55973311684672,126.97102189530071
37.55973311684672,126.97102189530071
37.559430376412,126.97114133742666
37.559430376412,126.97114133742666
37.559430376412,126.97114133742666
37.55944148568347,126.97111078434109
37.55943592947891,126.97103856885717
37.55943592947891,126.97103856885717
37.5594025910065,126.97053583783728
37.55932480294818,126.9694581604711
37.55932480294818,126.9694581604711
37.55932480294818,126.9694581604711
37.55929425029766,126.96942205351495
37.559255365880276,126.96941927709037
37.559255365880276,126.96941927709037
37.55904983452179,126.969435948053
37.558827638384464,126.96944984196239
37.5584360178012,126.96948040581273
37.55797773745515,126.96946375362943
37.557663883415636,126.96937210419426
37.55757222705752,126.96935266411447
37.557391691845915,126.96931656140096
37.55730559049704,126.96930267621332
37.557158385042186,126.96928323770484
37.55692507843758,126.96926102410728
37.55680287037497,126.9692582500396
37.55633348070659,126.969269373416
37.5560862873255,126.96927493545762
37.555922417539755,126.96927771761757
37.555700221252096,126.969283278952
37.555447472911325,126.96928606362587
37.55539192381448,126.96928606519711
37.55532526494806,126.96928884460725
37.55529749005107,126.9692694027202
37.55523360789255,126.96923051918175
37.555194723126384,126.96920830008426
37.555111399431304,126.96920552491642
37.55504751796991,126.96920552672331
37.55501418851179,126.96920552766603
37.55494752954574,126.96920275202682
37.55411984765331,126.96918333276449
37.554050411282134,126.9691833347284
37.55391709339967,126.96918056097442
37.55391709339967,126.96918056097442
37.55391709339967,126.96918056097442
37.55385043532982,126.96922778077919
37.55385043532982,126.96922778077919
37.55385043532982,126.96922778077919
37.553389377775154,126.96922501629463
37.55330327627646,126.96920279853241
37.5532532818402,126.96918891232299
37.5532532818402,126.96918891232299
